liurui@ubuntu:~/DeepRec$ KERAS_BACKEND=theano python v11.22_single/MLP.py --learner adam --lr 0.0001 --path Data/amazonfix30/ --batch_size_random 640000
Using Theano backend.
MLP arguments: Namespace(batch_size=256, batch_size_random=640000, epochs=20, learner='adam', lr=0.0001, one_layers='[64,32,16,8]', pair_layers='[64,32,16,8]', path='Data/amazonfix30/', reg_one_layers='[0,0,0,0]', reg_pair_layers='[0,0,0,0]', verbose=1) 
Load data done [69.4 s]. #user=11643, #item=30133, #train_user=6985800, #cv=813521, #test=755306
Time: [225.0], Init: 
Init_NDCG1: [ 0.6743765   0.67196016  0.67247831  0.67302633  0.67494529]
Init_NDCG2: [ 0.6706458   0.67099568  0.6720989   0.67356977  0.67509704]
Init_NDCG3: [ 0.6743765   0.67196016  0.67247831  0.67302633  0.67494529]
Init_NDCG4: [ 0.6706458   0.67099568  0.6720989   0.67356977  0.67509704]
Iteration 0 [143.0 s]: ranku_loss = 2.354304 [222.23 s],
NDCG1: [ 0.73910214  0.73742251  0.73659091  0.73623404  0.73701094]
NDCG2: [ 0.73937366  0.73821471  0.73718774  0.73678274  0.73751728]
NDCG3: [ 0.73910214  0.73742251  0.73659091  0.73623404  0.73701094]
NDCG4: [ 0.73937366  0.73821471  0.73718774  0.73678274  0.73751728]
Iteration 1 [123.7 s]: ranku_loss = 0.681688 [219.28 s],
NDCG1: [ 0.79935413  0.79628157  0.79283176  0.79012165  0.78909929]
NDCG2: [ 0.78552848  0.78353472  0.78239236  0.7814265   0.78121668]
NDCG3: [ 0.79935413  0.79628157  0.79283176  0.79012165  0.78909929]
NDCG4: [ 0.78552848  0.78353472  0.78239236  0.7814265   0.78121668]
Iteration 2 [99.7 s]: ranku_loss = 0.652115 [226.26 s],
NDCG1: [ 0.80660608  0.80166381  0.79802981  0.79572114  0.79377194]
NDCG2: [ 0.80032089  0.79426982  0.79121078  0.79017848  0.78920373]
NDCG3: [ 0.80660608  0.80166381  0.79802981  0.79572114  0.79377194]
NDCG4: [ 0.80032089  0.79426982  0.79121078  0.79017848  0.78920373]
Iteration 3 [96.5 s]: ranku_loss = 0.643437 [222.95 s],
NDCG1: [ 0.80601539  0.79896825  0.79744378  0.79446641  0.79276436]
NDCG2: [ 0.80126695  0.79470741  0.79203134  0.79031126  0.78926659]
NDCG3: [ 0.80601539  0.79896825  0.79744378  0.79446641  0.79276436]
NDCG4: [ 0.80126695  0.79470741  0.79203134  0.79031126  0.78926659]
End. Best Model is model1.
Test_NDCG:
[ 0.8377933   0.83180582  0.82763708  0.82453428  0.82304511  0.82263128
  0.82370828  0.8249451   0.82694725  0.82995604]

