liurui@ubuntu:~/DeepRec$ KERAS_BACKEND=theano python v11.02_2model/MLP.py --learner adam --lr 0.0001 --path Data/amazonfix30/ --batch_size_random 640000
Using Theano backend.
MLP arguments: Namespace(batch_size=256, batch_size_random=640000, epochs=20, learner='adam', lr=0.0001, one_layers='[64,32,16,8]', pair_layers='[64,32,16,8]', path='Data/amazonfix30/', reg_one_layers='[0,0,0,0]', reg_pair_layers='[0,0,0,0]', verbose=1) 
Load data done [71.1 s]. #user=11643, #item=30133, #train_user=6985800, #cv=813521, #test=755306
Time: [225.7], Init: 
Init_NDCG1: [ 0.670839    0.67246441  0.67412737  0.67559374  0.67769445]
Init_NDCG2: [ 0.67208429  0.67262436  0.67409301  0.67492412  0.67696591]
Init_NDCG3: [ 0.6730359   0.67170119  0.67270209  0.67450161  0.6759148 ]
Init_NDCG4: [ 0.66858484  0.67017257  0.6721223   0.67419206  0.67612342]
Iteration 0 [164.0 s]: ranku_loss = 0.961360 [222.48 s],
NDCG1: [ 0.70818111  0.7045026   0.70477273  0.70509646  0.70586827]
NDCG2: [ 0.63520495  0.63948435  0.64256034  0.64661642  0.64934214]
NDCG3: [ 0.70840793  0.70494085  0.70479969  0.70535471  0.70596742]
NDCG4: [ 0.6322926   0.63768303  0.64041146  0.64401628  0.64697626]
Iteration 1 [161.8 s]: ranku_loss = 0.694710 [217.96 s],
NDCG1: [ 0.72941428  0.72792656  0.72695082  0.72609717  0.72625395]
NDCG2: [ 0.645986    0.65095636  0.65480296  0.65803262  0.66169926]
NDCG3: [ 0.72943091  0.72782698  0.72630126  0.72598005  0.7260833 ]
NDCG4: [ 0.62439973  0.62745834  0.63111071  0.63473869  0.63814662]
Iteration 2 [145.0 s]: ranku_loss = 0.681935 [217.86 s],
NDCG1: [ 0.80888937  0.80164586  0.79731423  0.7941782   0.79221352]
NDCG2: [ 0.77978997  0.77945314  0.77879501  0.77897287  0.77864396]
NDCG3: [ 0.80711065  0.80094735  0.79680448  0.79384104  0.79168204]
NDCG4: [ 0.76865808  0.76737472  0.76692227  0.76845646  0.76960923]
Iteration 3 [157.1 s]: ranku_loss = 0.645952 [217.83 s],
NDCG1: [ 0.81278045  0.80572428  0.80096374  0.79876532  0.79619715]
NDCG2: [ 0.78306967  0.7831888   0.7834395   0.78398999  0.78375733]
NDCG3: [ 0.81260313  0.80547439  0.80078499  0.7982857   0.79589873]
NDCG4: [ 0.77198026  0.77388484  0.77470902  0.77579536  0.77623752]
Iteration 4 [154.7 s]: ranku_loss = 0.635851 [216.73 s],
NDCG1: [ 0.81675496  0.80985021  0.805348    0.80227539  0.79967024]
NDCG2: [ 0.79311438  0.79190885  0.78914534  0.78824612  0.78725567]
NDCG3: [ 0.81343394  0.80843638  0.80488301  0.80097768  0.79911401]
NDCG4: [ 0.77097509  0.77438414  0.77574394  0.77554872  0.77656312]
Iteration 5 [127.5 s]: ranku_loss = 0.624099 [205.34 s],
NDCG1: [ 0.81416759  0.80838051  0.80461313  0.80090518  0.79842472]
NDCG2: [ 0.79181663  0.78846513  0.78467586  0.78211226  0.78125277]
NDCG3: [ 0.81406231  0.80875973  0.8045846   0.80086251  0.79839491]
NDCG4: [ 0.78316129  0.78206113  0.7813146   0.78080965  0.78054237]
End. Best Model is model1.
Test_NDCG:
[ 0.84668359  0.83990563  0.83485397  0.83276969  0.83130285  0.83040169
  0.83073156  0.83180054  0.83393457  0.83656557]


