liurui@ubuntu:~/DeepRec$ KERAS_BACKEND=theano python v11.22_single/MLP.py --learner adam --lr 0.0001 --path Data/moviefix30/ --batch_size_random 640000
Using Theano backend.
MLP arguments: Namespace(batch_size=256, batch_size_random=640000, epochs=20, learner='adam', lr=0.0001, one_layers='[64,32,16,8]', pair_layers='[64,32,16,8]', path='Data/moviefix30/', reg_one_layers='[0,0,0,0]', reg_pair_layers='[0,0,0,0]', verbose=1) 
Load data done [374.7 s]. #user=49522, #item=8940, #train_user=29713200, #cv=247610, #test=7929676
Time: [240.3], Init: 
Init_NDCG1: [ 0.60351995  0.65737235  0.71732113  0.78183176  0.8569175 ]
Init_NDCG2: [ 0.60492256  0.65848158  0.71909615  0.78310977  0.85755411]
Init_NDCG3: [ 0.60351995  0.65737235  0.71732113  0.78183176  0.8569175 ]
Init_NDCG4: [ 0.60492256  0.65848158  0.71909615  0.78310977  0.85755411]
Iteration 0 [124.5 s]: ranku_loss = 1.171753 [235.97 s],
NDCG1: [ 0.70909284  0.74998274  0.79420785  0.84050044  0.89563249]
NDCG2: [ 0.51641499  0.57316789  0.64233654  0.72383966  0.82232835]
NDCG3: [ 0.70909284  0.74998274  0.79420785  0.84050044  0.89563249]
NDCG4: [ 0.51641499  0.57316789  0.64233654  0.72383966  0.82232835]
Iteration 1 [134.6 s]: ranku_loss = 0.692893 [234.46 s],
NDCG1: [ 0.73415405  0.77235397  0.81593641  0.85978641  0.90569913]
NDCG2: [ 0.47621277  0.54633286  0.62256585  0.70812263  0.81069857]
NDCG3: [ 0.73415405  0.77235397  0.81593641  0.85978641  0.90569913]
NDCG4: [ 0.47621277  0.54633286  0.62256585  0.70812263  0.81069857]
Iteration 2 [137.0 s]: ranku_loss = 0.654644 [234.84 s],
NDCG1: [ 0.76025177  0.79642931  0.83735486  0.87727753  0.91599255]
NDCG2: [ 0.76101403  0.79609355  0.83641732  0.87613139  0.91581086]
NDCG3: [ 0.76025177  0.79642931  0.83735486  0.87727753  0.91599255]
NDCG4: [ 0.76101403  0.79609355  0.83641732  0.87613139  0.91581086]
Iteration 3 [138.4 s]: ranku_loss = 0.633876 [234.40 s],
NDCG1: [ 0.76279029  0.79850287  0.83901761  0.87851162  0.91685589]
NDCG2: [ 0.76186612  0.79797167  0.83867845  0.87830972  0.91661909]
NDCG3: [ 0.76279029  0.79850287  0.83901761  0.87851162  0.91685589]
NDCG4: [ 0.76186612  0.79797167  0.83867845  0.87830972  0.91661909]
Iteration 4 [136.9 s]: ranku_loss = 0.629063 [234.92 s],
NDCG1: [ 0.76277617  0.79864088  0.83896403  0.87860428  0.91688263]
NDCG2: [ 0.76163737  0.79846379  0.83897695  0.87878782  0.91674307]
NDCG3: [ 0.76277617  0.79864088  0.83896403  0.87860428  0.91688263]
NDCG4: [ 0.76163737  0.79846379  0.83897695  0.87878782  0.91674307]
Iteration 5 [136.9 s]: ranku_loss = 0.626260 [234.94 s],
NDCG1: [ 0.76349545  0.7989367   0.83865103  0.87857701  0.91694553]
NDCG2: [ 0.76179413  0.7983798   0.8390274   0.87884152  0.91675973]
NDCG3: [ 0.76349545  0.7989367   0.83865103  0.87857701  0.91694553]
NDCG4: [ 0.76179413  0.7983798   0.8390274   0.87884152  0.91675973]
Iteration 6 [136.8 s]: ranku_loss = 0.624134 [235.84 s],
NDCG1: [ 0.76254066  0.79807417  0.83852916  0.87804015  0.91665448]
NDCG2: [ 0.76025771  0.79723719  0.83869781  0.87851706  0.91639539]
NDCG3: [ 0.76254066  0.79807417  0.83852916  0.87804015  0.91665448]
NDCG4: [ 0.76025771  0.79723719  0.83869781  0.87851706  0.91639539]
End. Best Model is model1.
Test_NDCG:
[ 0.71670388  0.71065891  0.70979888  0.70889148  0.70965157  0.71074185
  0.71289296  0.71559665  0.718378    0.72167705]

